function points = BoxStep()
points = [-.125, -.35; -.125, -.25; .125, -.25; .125, -.35; -.125, -.35]*100;
end