function positions = DragStep()
positions = [0.125:-0.005:-0.125; (0.125:-0.005:-0.125)*0 - 0.55]' * 100;
end